|           HJD | Relative_Flux | Relative_Flux_Uncertainty | Accepted |
|        double |        double |                    double |      int |
|          days |               |                           |          |
  2453988.70219          1.0034                      0.0017          1  
  2453988.70235          1.0055                      0.0017          1  
  2453988.70251          1.0030                      0.0017          1  
  2453988.70267          0.9995                      0.0017          1  
  2453988.70285          0.9969                      0.0017          1  
  2453988.70301          0.9995                      0.0017          1  
  2453988.70337          1.0034                      0.0017          1  
  2453988.70353          1.0033                      0.0017          1  
  2453988.70369          0.9995                      0.0017          1  
  2453988.70385          0.9986                      0.0017          1  
  2453988.70402          0.9980                      0.0017          1  
  2453988.70418          0.9995                      0.0017          1  
  2453988.70435          1.0021                      0.0017          1  
  2453988.70451          1.0011                      0.0017          1  
  2453988.70468          0.9978                      0.0017          1  
  2453988.70484          1.0000                      0.0017          1  
  2453988.70500          1.0030                      0.0017          1  
  2453988.70517          1.0002                      0.0017          1  
  2453988.70534          0.9990                      0.0017          1  
  2453988.70550          1.0028                      0.0017          1  
  2453988.70566          1.0019                      0.0017          1  
  2453988.70582          0.9971                      0.0017          1  
  2453988.70598          1.0045                      0.0017          1  
  2453988.70615          0.9996                      0.0017          1  
  2453988.70632          1.0027                      0.0017          1  
  2453988.70648          0.9983                      0.0017          1  
  2453988.70664          1.0010                      0.0017          1  
  2453988.70681          1.0026                      0.0017          1  
  2453988.70697          0.9965                      0.0017          1  
  2453988.70714          1.0010                      0.0017          1  
  2453988.70730          1.0015                      0.0017          1  
  2453988.70747          0.9984                      0.0017          1  
  2453988.70763          0.9998                      0.0017          1  
  2453988.70779          0.9974                      0.0017          1  
  2453988.70795          1.0000                      0.0017          1  
  2453988.70811          0.9965                      0.0017          1  
  2453988.70829          1.0012                      0.0017          1  
  2453988.70845          1.0028                      0.0017          1  
  2453988.70861          0.9977                      0.0017          1  
  2453988.70877          1.0002                      0.0017          1  
  2453988.70894          1.0018                      0.0017          1  
  2453988.70911          1.0042                      0.0017          1  
  2453988.70927          0.9984                      0.0017          1  
  2453988.70943          1.0036                      0.0017          1  
  2453988.70959          0.9990                      0.0017          1  
  2453988.70976          0.9992                      0.0017          1  
  2453988.70992          1.0007                      0.0017          1  
  2453988.71009          0.9989                      0.0017          1  
  2453988.71025          1.0012                      0.0017          1  
  2453988.71042          1.0019                      0.0017          1  
  2453988.71058          0.9977                      0.0017          1  
  2453988.71074          1.0030                      0.0017          1  
  2453988.71090          1.0024                      0.0017          1  
  2453988.71108          1.0007                      0.0017          1  
  2453988.71124          0.9980                      0.0017          1  
  2453988.71140          0.9998                      0.0017          1  
  2453988.71156          1.0039                      0.0017          1  
  2453988.71172          1.0001                      0.0017          1  
  2453988.71190          0.9987                      0.0017          1  
  2453988.71206          1.0005                      0.0017          1  
  2453988.71222          1.0007                      0.0017          1  
  2453988.71239          0.9992                      0.0017          1  
  2453988.71255          1.0005                      0.0017          1  
  2453988.71271          1.0003                      0.0017          1  
  2453988.71288          0.9982                      0.0017          1  
  2453988.71304          1.0016                      0.0017          1  
  2453988.71321          1.0018                      0.0017          1  
  2453988.71337          0.9986                      0.0017          1  
  2453988.71353          0.9962                      0.0017          1  
  2453988.71369          1.0002                      0.0017          1  
  2453988.71385          0.9968                      0.0017          1  
  2453988.71403          0.9999                      0.0017          1  
  2453988.71419          0.9994                      0.0017          1  
  2453988.71435          1.0034                      0.0017          1  
  2453988.71451          0.9990                      0.0017          1  
  2453988.71468          1.0000                      0.0017          1  
  2453988.71484          1.0007                      0.0017          1  
  2453988.71501          1.0050                      0.0017          1  
  2453988.71517          1.0000                      0.0017          1  
  2453988.71534          0.9983                      0.0017          1  
  2453988.71550          1.0018                      0.0017          1  
  2453988.71566          0.9975                      0.0017          1  
  2453988.71582          1.0005                      0.0017          1  
  2453988.71600          0.9984                      0.0017          1  
  2453988.71616          0.9987                      0.0017          1  
  2453988.71632          1.0013                      0.0017          1  
  2453988.71648          1.0001                      0.0017          1  
  2453988.71664          0.9999                      0.0017          1  
  2453988.71681          1.0010                      0.0017          1  
  2453988.71698          1.0022                      0.0017          1  
  2453988.71714          1.0001                      0.0017          1  
  2453988.71730          0.9983                      0.0017          1  
  2453988.71747          1.0003                      0.0017          1  
  2453988.71763          1.0005                      0.0017          1  
  2453988.71779          0.9984                      0.0017          1  
  2453988.71796          0.9993                      0.0017          1  
  2453988.71813          1.0018                      0.0017          1  
  2453988.71829          0.9989                      0.0017          1  
  2453988.71845          1.0005                      0.0017          1  
  2453988.71861          0.9986                      0.0017          1  
  2453988.71877          0.9995                      0.0017          1  
  2453988.71895          0.9988                      0.0017          1  
  2453988.71911          1.0013                      0.0017          1  
  2453988.71927          0.9971                      0.0017          1  
  2453988.71943          1.0036                      0.0017          1  
  2453988.71960          0.9987                      0.0017          1  
  2453988.71976          1.0002                      0.0017          1  
  2453988.71992          0.9984                      0.0017          1  
  2453988.72009          1.0001                      0.0017          1  
  2453988.72026          0.9990                      0.0017          1  
  2453988.72042          1.0012                      0.0017          1  
  2453988.72058          0.9986                      0.0017          1  
  2453988.72074          0.9999                      0.0017          1  
  2453988.72090          1.0019                      0.0017          1  
  2453988.72108          0.9987                      0.0017          1  
  2453988.72124          1.0004                      0.0017          1  
  2453988.72140          0.9992                      0.0017          1  
  2453988.72156          1.0016                      0.0017          1  
  2453988.72172          0.9996                      0.0017          1  
  2453988.72189          1.0034                      0.0017          1  
  2453988.72206          0.9993                      0.0017          1  
  2453988.72222          1.0004                      0.0017          1  
  2453988.72238          0.9968                      0.0017          1  
  2453988.72255          0.9958                      0.0017          1  
  2453988.72271          0.9970                      0.0017          1  
  2453988.72287          0.9992                      0.0017          1  
  2453988.72304          0.9995                      0.0017          1  
  2453988.72321          1.0016                      0.0017          1  
  2453988.72337          0.9998                      0.0017          1  
  2453988.72353          0.9993                      0.0017          1  
  2453988.72369          0.9960                      0.0017          1  
  2453988.72385          1.0027                      0.0017          1  
  2453988.72403          1.0006                      0.0017          1  
  2453988.72419          1.0011                      0.0017          1  
  2453988.72435          0.9999                      0.0017          1  
  2453988.72451          1.0012                      0.0017          1  
  2453988.72468          0.9990                      0.0017          1  
  2453988.72484          1.0017                      0.0017          1  
  2453988.72500          1.0008                      0.0017          1  
  2453988.72517          0.9974                      0.0017          1  
  2453988.72534          1.0001                      0.0017          1  
  2453988.72550          1.0013                      0.0017          1  
  2453988.72566          0.9999                      0.0017          1  
  2453988.72582          1.0008                      0.0017          1  
  2453988.72598          1.0010                      0.0017          1  
  2453988.72616          0.9993                      0.0017          1  
  2453988.72632          1.0036                      0.0017          1  
  2453988.72648          1.0009                      0.0017          1  
  2453988.72664          0.9998                      0.0017          1  
  2453988.72681          0.9988                      0.0017          1  
  2453988.72697          1.0018                      0.0017          1  
  2453988.72714          0.9967                      0.0017          1  
  2453988.72730          1.0000                      0.0017          1  
  2453988.72747          1.0004                      0.0017          1  
  2453988.72763          0.9988                      0.0017          1  
  2453988.72779          0.9992                      0.0017          1  
  2453988.72795          0.9972                      0.0017          1  
  2453988.72812          0.9987                      0.0017          1  
  2453988.72829          1.0002                      0.0017          1  
  2453988.72845          1.0008                      0.0017          1  
  2453988.72861          1.0029                      0.0017          1  
  2453988.72877          0.9998                      0.0017          1  
  2453988.72894          1.0007                      0.0017          1  
  2453988.72911          0.9998                      0.0017          1  
  2453988.72927          1.0000                      0.0017          1  
  2453988.72943          0.9994                      0.0017          1  
  2453988.72959          0.9974                      0.0017          1  
  2453988.72976          0.9987                      0.0017          1  
  2453988.72993          0.9991                      0.0017          1  
  2453988.73009          1.0023                      0.0017          1  
  2453988.73025          1.0013                      0.0017          1  
  2453988.73042          1.0005                      0.0017          1  
  2453988.73058          1.0013                      0.0017          1  
  2453988.73074          0.9993                      0.0017          1  
  2453988.73091          1.0011                      0.0017          1  
  2453988.73108          0.9998                      0.0017          1  
  2453988.73124          1.0005                      0.0017          1  
  2453988.73140          1.0019                      0.0018          1  
  2453988.73156          0.9973                      0.0018          1  
  2453988.73172          1.0000                      0.0018          1  
  2453988.73190          0.9987                      0.0018          1  
  2453988.73206          1.0014                      0.0018          1  
  2453988.73222          0.9993                      0.0018          1  
  2453988.73238          0.9988                      0.0018          1  
  2453988.73255          1.0003                      0.0018          1  
  2453988.73271          1.0005                      0.0018          1  
  2453988.73288          0.9994                      0.0018          1  
  2453988.73304          1.0013                      0.0018          1  
  2453988.73320          0.9990                      0.0018          1  
  2453988.73337          1.0033                      0.0018          1  
  2453988.73353          0.9993                      0.0018          1  
  2453988.73370          1.0017                      0.0018          1  
  2453988.73386          0.9994                      0.0018          1  
  2453988.73403          1.0023                      0.0018          1  
  2453988.73419          0.9998                      0.0018          1  
  2453988.73435          1.0006                      0.0018          1  
  2453988.73451          0.9988                      0.0018          1  
  2453988.73469          0.9997                      0.0018          1  
  2453988.73485          1.0003                      0.0018          1  
  2453988.73501          0.9992                      0.0018          1  
  2453988.73517          1.0045                      0.0018          1  
  2453988.73533          1.0000                      0.0018          1  
  2453988.73550          1.0020                      0.0018          1  
  2453988.73566          1.0008                      0.0018          1  
  2453988.73583          1.0006                      0.0018          1  
  2453988.73600          0.9962                      0.0018          1  
  2453988.73616          1.0020                      0.0018          1  
  2453988.73632          0.9984                      0.0018          1  
  2453988.73648          0.9994                      0.0018          1  
  2453988.73664          1.0002                      0.0018          1  
  2453988.73682          1.0004                      0.0018          1  
  2453988.73698          0.9958                      0.0018          1  
  2453988.73714          0.9987                      0.0018          1  
  2453988.73730          0.9977                      0.0018          1  
  2453988.73746          1.0010                      0.0018          1  
  2453988.73763          1.0004                      0.0018          1  
  2453988.73780          0.9976                      0.0018          1  
  2453988.73796          0.9985                      0.0018          1  
  2453988.73812          1.0000                      0.0018          1  
  2453988.73829          0.9998                      0.0018          1  
  2453988.73845          0.9976                      0.0018          1  
  2453988.73861          1.0011                      0.0018          1  
  2453988.73878          1.0005                      0.0018          1  
  2453988.73895          0.9982                      0.0018          1  
  2453988.73911          1.0010                      0.0018          1  
  2453988.73927          1.0013                      0.0018          1  
  2453988.73943          1.0007                      0.0018          1  
  2453988.73959          0.9990                      0.0018          1  
  2453988.73977          0.9983                      0.0018          1  
  2453988.73993          0.9983                      0.0018          1  
  2453988.74009          0.9963                      0.0018          1  
  2453988.74025          1.0001                      0.0018          1  
  2453988.74042          0.9980                      0.0018          1  
  2453988.74058          1.0008                      0.0018          1  
  2453988.74074          1.0011                      0.0018          1  
  2453988.74091          1.0026                      0.0018          1  
  2453988.74107          1.0015                      0.0018          1  
  2453988.74124          1.0032                      0.0018          1  
  2453988.74140          0.9988                      0.0018          1  
  2453988.74156          0.9985                      0.0018          1  
  2453988.74172          1.0021                      0.0018          1  
  2453988.74190          0.9949                      0.0018          1  
  2453988.74206          0.9973                      0.0018          1  
  2453988.74222          0.9989                      0.0018          1  
  2453988.74238          0.9975                      0.0018          1  
  2453988.74254          0.9964                      0.0018          1  
  2453988.74272          0.9972                      0.0018          1  
  2453988.74288          0.9986                      0.0018          1  
  2453988.74304          0.9981                      0.0018          1  
  2453988.74321          0.9976                      0.0018          1  
  2453988.74337          0.9999                      0.0018          1  
  2453988.74353          0.9991                      0.0018          1  
  2453988.74370          1.0013                      0.0018          1  
  2453988.74387          1.0014                      0.0018          1  
  2453988.74403          1.0020                      0.0018          1  
  2453988.74419          0.9965                      0.0018          1  
  2453988.74435          1.0035                      0.0018          1  
  2453988.74451          0.9998                      0.0018          1  
  2453988.74469          1.0002                      0.0018          1  
  2453988.74485          1.0015                      0.0018          1  
  2453988.74501          0.9990                      0.0018          1  
  2453988.74517          1.0012                      0.0018          1  
  2453988.74533          0.9971                      0.0018          1  
  2453988.74551          1.0001                      0.0018          1  
  2453988.74567          1.0025                      0.0018          1  
  2453988.74583          1.0004                      0.0018          1  
  2453988.74599          0.9966                      0.0018          1  
  2453988.74616          0.9989                      0.0018          1  
  2453988.74632          0.9988                      0.0018          1  
  2453988.74649          0.9973                      0.0018          1  
  2453988.74665          0.9997                      0.0018          1  
  2453988.74682          1.0013                      0.0018          1  
  2453988.74698          1.0001                      0.0018          1  
  2453988.74714          0.9993                      0.0018          1  
  2453988.74731          1.0007                      0.0018          1  
  2453988.74748          0.9993                      0.0018          1  
  2453988.74764          1.0004                      0.0018          1  
  2453988.74780          0.9974                      0.0018          1  
  2453988.74796          0.9983                      0.0018          1  
  2453988.74812          1.0002                      0.0018          1  
  2453988.74830          0.9978                      0.0018          1  
  2453988.74846          0.9992                      0.0018          1  
  2453988.74862          1.0014                      0.0018          1  
  2453988.74878          0.9981                      0.0018          1  
  2453988.74895          0.9974                      0.0018          1  
  2453988.74912          1.0007                      0.0018          1  
  2453988.74928          0.9956                      0.0018          1  
  2453988.74944          1.0004                      0.0018          1  
  2453988.74961          1.0004                      0.0018          1  
  2453988.74977          0.9990                      0.0018          1  
  2453988.74993          1.0011                      0.0018          1  
  2453988.75010          0.9978                      0.0018          1  
  2453988.75026          1.0020                      0.0018          1  
  2453988.75043          0.9978                      0.0018          1  
  2453988.75059          1.0009                      0.0018          1  
  2453988.75075          1.0000                      0.0018          1  
  2453988.75091          1.0009                      0.0018          1  
  2453988.75109          0.9981                      0.0018          1  
  2453988.75125          1.0005                      0.0018          1  
  2453988.75141          1.0011                      0.0018          1  
  2453988.75157          1.0016                      0.0018          1  
  2453988.75173          1.0010                      0.0018          1  
  2453988.75190          1.0022                      0.0018          1  
  2453988.75207          1.0019                      0.0018          1  
  2453988.75223          1.0016                      0.0018          1  
  2453988.75239          0.9995                      0.0018          1  
  2453988.75319          0.9993                      0.0018          1  
  2453988.75336          1.0028                      0.0018          1  
  2453988.75352          0.9992                      0.0018          1  
  2453988.75368          1.0008                      0.0018          1  
  2453988.75384          1.0010                      0.0018          1  
  2453988.75402          0.9991                      0.0018          1  
  2453988.75418          0.9993                      0.0018          1  
  2453988.75434          0.9990                      0.0018          1  
  2453988.75450          1.0001                      0.0018          1  
  2453988.75466          0.9975                      0.0018          1  
  2453988.75483          0.9991                      0.0018          1  
  2453988.75500          0.9985                      0.0018          1  
  2453988.75516          1.0018                      0.0018          1  
  2453988.75532          1.0032                      0.0018          1  
  2453988.75548          0.9995                      0.0018          1  
  2453988.75565          0.9982                      0.0018          1  
  2453988.75581          1.0011                      0.0018          1  
  2453988.75597          0.9996                      0.0018          1  
  2453988.75614          1.0022                      0.0018          1  
  2453988.75631          0.9984                      0.0018          1  
  2453988.75647          1.0023                      0.0018          1  
  2453988.75663          0.9988                      0.0018          1  
  2453988.75679          0.9985                      0.0018          1  
  2453988.75695          0.9996                      0.0018          1  
  2453988.75713          0.9967                      0.0018          1  
  2453988.75729          0.9976                      0.0018          1  
  2453988.75745          1.0014                      0.0018          1  
  2453988.75761          1.0014                      0.0018          1  
  2453988.75778          0.9988                      0.0018          1  
  2453988.75794          0.9999                      0.0018          1  
  2453988.75811          1.0028                      0.0018          1  
  2453988.75827          0.9999                      0.0018          1  
  2453988.75844          1.0010                      0.0018          1  
  2453988.75860          0.9981                      0.0018          1  
  2453988.75876          1.0000                      0.0018          1  
  2453988.75892          0.9991                      0.0018          1  
  2453988.75910          1.0031                      0.0018          1  
  2453988.75926          0.9982                      0.0018          1  
  2453988.75942          0.9994                      0.0018          1  
  2453988.75958          0.9985                      0.0018          1  
  2453988.75974          1.0040                      0.0018          1  
  2453988.75991          1.0014                      0.0018          1  
  2453988.76008          1.0011                      0.0018          1  
  2453988.76024          1.0014                      0.0018          1  
  2453988.76040          1.0021                      0.0018          1  
  2453988.76057          0.9992                      0.0019          1  
  2453988.76073          1.0005                      0.0019          1  
  2453988.76089          0.9970                      0.0019          1  
  2453988.76105          0.9992                      0.0019          1  
  2453988.76123          1.0004                      0.0019          1  
  2453988.76139          0.9980                      0.0019          1  
  2453988.76155          1.0017                      0.0019          1  
  2453988.76171          1.0005                      0.0019          1  
  2453988.76187          0.9973                      0.0019          1  
  2453988.76204          1.0003                      0.0019          1  
  2453988.76221          0.9995                      0.0019          1  
  2453988.76237          1.0004                      0.0019          1  
  2453988.76253          1.0022                      0.0019          1  
  2453988.76270          1.0011                      0.0019          1  
  2453988.76286          0.9999                      0.0019          1  
  2453988.76302          0.9981                      0.0019          1  
  2453988.76319          1.0014                      0.0019          1  
  2453988.76335          1.0041                      0.0019          1  
  2453988.76352          0.9997                      0.0019          1  
  2453988.76368          0.9986                      0.0019          1  
  2453988.76384          0.9993                      0.0019          1  
  2453988.76400          0.9985                      0.0019          1  
  2453988.76417          0.9994                      0.0019          1  
  2453988.76434          1.0001                      0.0019          1  
  2453988.76450          0.9974                      0.0019          1  
  2453988.76466          1.0037                      0.0019          1  
  2453988.76482          1.0012                      0.0019          1  
  2453988.76499          1.0036                      0.0019          1  
  2453988.76515          0.9968                      0.0019          1  
  2453988.76532          1.0024                      0.0019          1  
  2453988.76548          1.0021                      0.0019          1  
  2453988.76565          1.0004                      0.0019          1  
  2453988.76581          1.0008                      0.0019          1  
  2453988.76597          1.0019                      0.0019          1  
  2453988.76613          1.0009                      0.0019          1  
  2453988.76631          0.9993                      0.0019          1  
  2453988.76647          0.9982                      0.0019          1  
  2453988.76663          0.9984                      0.0019          1  
  2453988.76679          1.0001                      0.0019          1  
  2453988.76695          1.0009                      0.0019          1  
  2453988.76712          0.9974                      0.0019          1  
  2453988.76729          0.9963                      0.0019          1  
  2453988.76745          0.9970                      0.0019          1  
  2453988.76761          1.0026                      0.0019          1  
  2453988.76778          1.0034                      0.0019          1  
  2453988.76794          0.9993                      0.0019          1  
  2453988.76810          0.9974                      0.0019          1  
  2453988.76827          0.9971                      0.0019          1  
  2453988.76843          0.9973                      0.0019          1  
  2453988.76860          0.9943                      0.0019          1  
  2453988.76876          0.9950                      0.0019          1  
  2453988.76892          0.9978                      0.0019          1  
  2453988.76908          0.9991                      0.0019          1  
  2453988.76926          1.0005                      0.0019          1  
  2453988.76942          0.9932                      0.0019          1  
  2453988.77052          0.9959                      0.0019          1  
  2453988.77068          0.9900                      0.0019          1  
  2453988.77084          0.9959                      0.0019          1  
  2453988.77102          0.9928                      0.0019          1  
  2453988.77118          0.9945                      0.0019          1  
  2453988.77134          0.9941                      0.0019          1  
  2453988.77150          0.9919                      0.0019          1  
  2453988.77166          0.9973                      0.0019          1  
  2453988.77183          0.9944                      0.0019          1  
  2453988.77200          0.9925                      0.0019          1  
  2453988.77216          0.9919                      0.0019          1  
  2453988.77232          0.9947                      0.0019          1  
  2453988.77249          0.9933                      0.0019          1  
  2453988.77265          0.9901                      0.0019          1  
  2453988.77281          0.9938                      0.0019          1  
  2453988.77298          0.9907                      0.0019          1  
  2453988.77315          0.9892                      0.0019          1  
  2453988.77331          0.9897                      0.0019          1  
  2453988.77347          0.9915                      0.0019          1  
  2453988.77363          0.9867                      0.0019          1  
  2453988.77379          0.9882                      0.0019          1  
  2453988.77397          0.9878                      0.0019          1  
  2453988.77413          0.9865                      0.0019          1  
  2453988.77429          0.9879                      0.0019          1  
  2453988.77445          0.9873                      0.0019          1  
  2453988.77462          0.9892                      0.0019          1  
  2453988.77478          0.9874                      0.0019          1  
  2453988.77495          0.9903                      0.0020          1  
  2453988.77511          0.9876                      0.0020          1  
  2453988.77527          0.9910                      0.0020          1  
  2453988.77544          0.9860                      0.0020          1  
  2453988.77560          0.9896                      0.0020          1  
  2453988.77576          0.9874                      0.0020          1  
  2453988.77592          0.9865                      0.0020          1  
  2453988.77610          0.9853                      0.0020          1  
  2453988.77626          0.9862                      0.0020          1  
  2453988.77642          0.9850                      0.0020          1  
  2453988.77658          0.9830                      0.0020          1  
  2453988.77674          0.9831                      0.0020          1  
  2453988.77691          0.9830                      0.0020          1  
  2453988.77708          0.9825                      0.0020          1  
  2453988.77724          0.9860                      0.0020          1  
  2453988.77740          0.9836                      0.0020          1  
  2453988.77757          0.9835                      0.0020          1  
  2453988.77773          0.9838                      0.0020          1  
  2453988.77789          0.9818                      0.0020          1  
  2453988.77806          0.9839                      0.0020          1  
  2453988.77823          0.9827                      0.0020          1  
  2453988.77839          0.9827                      0.0020          1  
  2453988.77855          0.9803                      0.0020          1  
  2453988.77871          0.9820                      0.0020          1  
  2453988.77889          0.9849                      0.0020          1  
  2453988.77905          0.9846                      0.0020          1  
  2453988.77921          0.9803                      0.0020          1  
  2453988.77937          0.9821                      0.0020          1  
  2453988.77953          0.9828                      0.0020          1  
  2453988.77970          0.9781                      0.0020          1  
  2453988.77987          0.9796                      0.0020          1  
  2453988.78003          0.9806                      0.0020          1  
  2453988.78019          0.9827                      0.0020          1  
  2453988.78036          0.9795                      0.0020          1  
  2453988.78052          0.9806                      0.0020          1  
  2453988.78068          0.9791                      0.0020          1  
  2453988.78085          0.9786                      0.0020          1  
  2453988.78102          0.9765                      0.0020          1  
  2453988.78118          0.9785                      0.0020          1  
  2453988.78134          0.9779                      0.0020          1  
  2453988.78150          0.9782                      0.0020          1  
  2453988.78166          0.9783                      0.0020          1  
  2453988.78184          0.9785                      0.0020          1  
  2453988.78200          0.9757                      0.0020          1  
  2453988.78216          0.9768                      0.0020          1  
  2453988.78232          0.9750                      0.0020          1  
  2453988.78249          0.9782                      0.0020          1  
  2453988.78265          0.9784                      0.0020          1  
  2453988.78282          0.9722                      0.0020          1  
  2453988.78298          0.9745                      0.0020          1  
  2453988.78315          0.9780                      0.0020          1  
  2453988.78331          0.9799                      0.0020          1  
  2453988.78347          0.9751                      0.0020          1  
  2453988.78363          0.9767                      0.0020          1  
  2453988.78381          0.9806                      0.0020          1  
  2453988.78397          0.9803                      0.0020          1  
  2453988.78413          0.9738                      0.0020          1  
  2453988.78429          0.9780                      0.0020          1  
  2453988.78445          0.9756                      0.0020          1  
  2453988.78461          0.9777                      0.0020          1  
  2453988.78479          0.9771                      0.0020          1  
  2453988.78495          0.9788                      0.0020          1  
  2453988.78511          0.9750                      0.0020          1  
  2453988.78528          0.9769                      0.0020          1  
  2453988.78544          0.9737                      0.0020          1  
  2453988.78561          0.9759                      0.0020          1  
  2453988.78577          0.9760                      0.0020          1  
  2453988.78593          0.9768                      0.0021          1  
  2453988.78610          0.9746                      0.0021          1  
  2453988.78626          0.9729                      0.0021          1  
  2453988.78642          0.9766                      0.0021          1  
  2453988.78659          0.9755                      0.0021          1  
  2453988.78676          0.9762                      0.0021          1  
  2453988.78701          0.9802                      0.0021          1  
  2453988.78718          0.9755                      0.0021          1  
  2453988.78735          0.9744                      0.0021          1  
  2453988.78751          0.9756                      0.0021          1  
  2453988.78767          0.9767                      0.0021          1  
  2453988.78783          0.9737                      0.0021          1  
  2453988.78799          0.9732                      0.0021          1  
  2453988.78817          0.9767                      0.0021          1  
  2453988.78833          0.9721                      0.0021          1  
  2453988.78849          0.9758                      0.0021          1  
  2453988.78865          0.9704                      0.0021          1  
  2453988.78882          0.9764                      0.0021          1  
  2453988.78898          0.9757                      0.0021          1  
  2453988.78915          0.9767                      0.0021          1  
  2453988.78931          0.9792                      0.0021          1  
  2453988.78948          0.9727                      0.0021          1  
  2453988.78964          0.9730                      0.0021          1  
  2453988.78980          0.9716                      0.0021          1  
  2453988.78997          0.9756                      0.0021          1  
  2453988.79014          0.9741                      0.0021          1  
  2453988.79030          0.9772                      0.0021          1  
  2453988.79046          0.9698                      0.0021          1  
  2453988.79062          0.9751                      0.0021          1  
  2453988.79078          0.9724                      0.0021          1  
  2453988.79096          0.9749                      0.0021          1  
  2453988.79112          0.9749                      0.0021          1  
  2453988.79128          0.9725                      0.0021          1  
  2453988.79144          0.9766                      0.0021          1  
  2453988.79160          0.9754                      0.0021          1  
  2453988.79178          0.9721                      0.0021          1  
  2453988.79194          0.9781                      0.0021          1  
  2453988.79210          0.9739                      0.0021          1  
  2453988.79226          0.9754                      0.0021          1  
  2453988.79243          0.9742                      0.0021          1  
  2453988.79259          0.9752                      0.0021          1  
  2453988.79276          0.9699                      0.0021          1  
  2453988.79293          0.9753                      0.0021          1  
  2453988.79309          0.9736                      0.0021          1  
  2453988.79325          0.9755                      0.0021          1  
  2453988.79341          0.9764                      0.0021          1  
  2453988.79359          0.9746                      0.0021          1  
  2453988.79375          0.9740                      0.0021          1  
  2453988.79391          0.9765                      0.0021          1  
  2453988.79407          0.9747                      0.0021          1  
  2453988.79423          0.9759                      0.0021          1  
  2453988.79440          0.9767                      0.0021          1  
  2453988.79456          0.9780                      0.0021          1  
  2453988.79473          0.9712                      0.0021          1  
  2453988.79489          0.9742                      0.0021          1  
  2453988.79505          0.9743                      0.0021          1  
  2453988.79522          0.9739                      0.0021          1  
  2453988.79538          0.9747                      0.0021          1  
  2453988.79555          0.9754                      0.0022          1  
  2453988.79571          0.9751                      0.0022          1  
  2453988.79588          0.9743                      0.0022          1  
  2453988.79604          0.9711                      0.0022          1  
  2453988.79620          0.9752                      0.0022          1  
  2453988.79636          0.9757                      0.0022          1  
  2453988.79652          0.9752                      0.0022          1  
  2453988.79670          0.9724                      0.0022          1  
  2453988.79686          0.9717                      0.0022          1  
  2453988.79702          0.9737                      0.0022          1  
  2453988.79718          0.9734                      0.0022          1  
  2453988.79735          0.9777                      0.0022          1  
  2453988.79751          0.9767                      0.0022          1  
  2453988.79768          0.9688                      0.0022          1  
  2453988.79784          0.9738                      0.0022          1  
  2453988.79801          0.9721                      0.0022          1  
  2453988.79817          0.9747                      0.0022          1  
  2453988.79833          0.9758                      0.0022          1  
  2453988.79849          0.9727                      0.0022          1  
  2453988.79867          0.9768                      0.0022          1  
  2453988.79883          0.9722                      0.0022          1  
  2453988.79899          0.9732                      0.0022          1  
  2453988.79915          0.9730                      0.0022          1  
  2453988.79931          0.9715                      0.0022          1  
  2453988.79947          0.9753                      0.0022          1  
  2453988.79965          0.9731                      0.0022          1  
  2453988.79981          0.9751                      0.0022          1  
  2453988.79997          0.9749                      0.0022          1  
  2453988.80014          0.9707                      0.0022          1  
  2453988.80030          0.9769                      0.0022          1  
  2453988.80046          0.9696                      0.0022          1  
  2453988.80063          0.9742                      0.0022          1  
  2453988.80080          0.9751                      0.0022          1  
  2453988.80096          0.9737                      0.0022          1  
  2453988.80112          0.9746                      0.0022          1  
  2453988.80128          0.9739                      0.0022          1  
  2453988.80144          0.9758                      0.0022          1  
  2453988.80162          0.9746                      0.0022          1  
  2453988.80178          0.9729                      0.0022          1  
  2453988.80194          0.9722                      0.0022          1  
  2453988.80210          0.9714                      0.0022          1  
  2453988.80227          0.9751                      0.0022          1  
  2453988.80244          0.9732                      0.0022          1  
  2453988.80260          0.9717                      0.0022          1  
  2453988.80276          0.9756                      0.0022          1  
  2453988.80292          0.9729                      0.0022          1  
  2453988.80309          0.9738                      0.0022          1  
  2453988.80325          0.9726                      0.0022          1  
  2453988.80342          0.9733                      0.0022          1  
  2453988.80358          0.9742                      0.0023          1  
  2453988.80375          0.9727                      0.0023          1  
  2453988.80391          0.9758                      0.0023          1  
  2453988.80407          0.9745                      0.0023          1  
  2453988.80423          0.9741                      0.0023          1  
  2453988.80441          0.9771                      0.0023          1  
  2453988.80457          0.9719                      0.0023          1  
  2453988.80473          0.9751                      0.0023          1  
  2453988.80489          0.9723                      0.0023          1  
  2453988.80505          0.9721                      0.0023          1  
  2453988.80522          0.9709                      0.0023          1  
  2453988.80539          0.9747                      0.0023          1  
  2453988.80555          0.9722                      0.0023          1  
  2453988.80571          0.9775                      0.0023          1  
  2453988.80588          0.9736                      0.0023          1  
  2453988.80604          0.9749                      0.0023          1  
  2453988.80620          0.9754                      0.0023          1  
  2453988.80637          0.9716                      0.0023          1  
  2453988.80653          0.9713                      0.0023          1  
  2453988.80670          0.9741                      0.0023          1  
  2453988.80686          0.9713                      0.0023          1  
  2453988.80702          0.9784                      0.0023          1  
  2453988.80718          0.9693                      0.0023          1  
  2453988.80736          0.9706                      0.0023          1  
  2453988.80752          0.9779                      0.0023          1  
  2453988.80768          0.9727                      0.0023          1  
  2453988.80784          0.9702                      0.0023          1  
  2453988.80800          0.9728                      0.0023          1  
  2453988.80817          0.9765                      0.0023          1  
  2453988.80834          0.9706                      0.0023          1  
  2453988.80850          0.9685                      0.0023          1  
  2453988.80866          0.9766                      0.0023          1  
  2453988.80883          0.9720                      0.0023          1  
  2453988.80899          0.9758                      0.0023          1  
  2453988.80915          0.9700                      0.0023          1  
  2453988.80932          0.9736                      0.0023          1  
  2453988.80949          0.9706                      0.0023          1  
  2453988.80965          0.9716                      0.0023          1  
  2453988.80981          0.9719                      0.0023          1  
  2453988.80997          0.9753                      0.0023          1  
  2453988.81013          0.9726                      0.0023          1  
  2453988.81031          0.9761                      0.0023          1  
  2453988.81047          0.9733                      0.0023          1  
  2453988.81063          0.9732                      0.0023          1  
  2453988.81079          0.9721                      0.0023          1  
  2453988.81096          0.9717                      0.0023          1  
  2453988.81112          0.9702                      0.0023          1  
  2453988.81129          0.9712                      0.0023          1  
  2453988.81145          0.9752                      0.0023          1  
  2453988.81162          0.9751                      0.0023          1  
  2453988.81178          0.9745                      0.0023          1  
  2453988.81194          0.9719                      0.0024          1  
  2453988.81210          0.9730                      0.0024          1  
  2453988.81228          0.9663                      0.0024          1  
  2453988.81244          0.9743                      0.0024          1  
  2453988.81260          0.9766                      0.0024          1  
  2453988.81276          0.9748                      0.0024          1  
  2453988.81292          0.9686                      0.0024          1  
  2453988.81309          0.9739                      0.0024          1  
  2453988.81326          0.9744                      0.0024          1  
  2453988.81342          0.9750                      0.0024          1  
  2453988.81358          0.9730                      0.0024          1  
  2453988.81375          0.9777                      0.0024          1  
  2453988.81391          0.9742                      0.0024          1  
  2453988.81407          0.9741                      0.0024          1  
  2453988.81424          0.9806                      0.0024          1  
  2453988.81440          0.9747                      0.0024          1  
  2453988.82144          0.9802                      0.0025          1  
  2453988.82217          0.9796                      0.0025          1  
  2453988.82233          0.9793                      0.0025          1  
  2453988.82249          0.9797                      0.0025          1  
  2453988.82266          0.9760                      0.0026          1  
  2453988.82283          0.9788                      0.0026          1  
  2453988.82299          0.9781                      0.0026          1  
  2453988.82315          0.9766                      0.0026          1  
  2453988.82332          0.9732                      0.0026          1  
  2453988.82348          0.9803                      0.0026          1  
  2453988.82364          0.9785                      0.0026          1  
  2453988.82381          0.9809                      0.0026          1  
  2453988.82398          0.9794                      0.0026          1  
  2453988.82414          0.9768                      0.0026          1  
  2453988.82430          0.9800                      0.0026          1  
  2453988.82446          0.9756                      0.0026          1  
  2453988.82462          0.9773                      0.0026          1  
  2453988.82480          0.9713                      0.0026          1  
  2453988.82496          0.9827                      0.0026          1  
  2453988.82512          0.9768                      0.0026          1  
  2453988.82528          0.9754                      0.0026          1  
  2453988.82545          0.9806                      0.0026          1  
  2453988.82561          0.9764                      0.0026          1  
  2453988.82578          0.9818                      0.0026          1  
  2453988.82594          0.9773                      0.0026          1  
  2453988.82611          0.9758                      0.0026          1  
  2453988.82627          0.9790                      0.0026          1  
  2453988.82643          0.9771                      0.0026          1  
  2453988.82659          0.9822                      0.0026          1  
  2453988.82677          0.9830                      0.0026          1  
  2453988.82693          0.9817                      0.0026          1  
  2453988.82709          0.9842                      0.0026          1  
  2453988.82725          0.9838                      0.0026          1  
  2453988.82741          0.9836                      0.0027          1  
  2453988.82758          0.9822                      0.0027          1  
  2453988.82775          0.9845                      0.0027          1  
  2453988.82791          0.9822                      0.0027          1  
  2453988.82807          0.9823                      0.0027          1  
  2453988.82824          0.9842                      0.0027          1  
  2453988.82840          0.9812                      0.0027          1  
  2453988.82856          0.9827                      0.0027          1  
  2453988.82873          0.9854                      0.0027          1  
  2453988.82889          0.9858                      0.0027          1  
  2453988.82906          0.9852                      0.0027          1  
  2453988.82922          0.9823                      0.0027          1  
  2453988.82938          0.9903                      0.0027          1  
  2453988.82954          0.9775                      0.0027          1  
  2453988.82972          0.9843                      0.0027          1  
  2453988.82988          0.9823                      0.0027          1  
  2453988.83004          0.9862                      0.0027          1  
  2453988.83020          0.9801                      0.0027          1  
  2453988.83036          0.9822                      0.0027          1  
  2453988.83053          0.9848                      0.0027          1  
  2453988.83070          0.9825                      0.0027          1  
  2453988.83086          0.9890                      0.0027          1  
  2453988.83103          0.9867                      0.0027          1  
  2453988.83119          0.9907                      0.0027          1  
  2453988.83135          0.9883                      0.0027          1  
  2453988.83151          0.9855                      0.0027          1  
  2453988.83169          0.9869                      0.0028          1  
  2453988.83185          0.9932                      0.0028          1  
  2453988.83201          0.9919                      0.0028          1  
  2453988.83217          0.9874                      0.0028          1  
  2453988.83233          0.9888                      0.0028          1  
  2453988.83250          0.9870                      0.0028          1  
  2453988.83267          0.9865                      0.0028          1  
  2453988.83283          0.9904                      0.0028          1  
  2453988.83299          0.9899                      0.0028          1  
  2453988.83315          0.9867                      0.0028          1  
  2453988.83332          0.9934                      0.0028          1  
  2453988.83349          0.9888                      0.0028          1  
  2453988.83365          0.9926                      0.0028          1  
  2453988.83381          0.9894                      0.0028          1  
  2453988.83398          0.9895                      0.0028          1  
  2453988.83414          0.9930                      0.0028          1  
  2453988.83430          0.9938                      0.0028          1  
  2453988.83446          0.9943                      0.0028          1  
  2453988.83464          0.9902                      0.0028          1  
  2453988.83480          0.9942                      0.0028          1  
  2453988.83496          0.9941                      0.0028          1  
  2453988.83512          0.9926                      0.0028          1  
  2453988.83528          0.9960                      0.0028          1  
  2453988.83546          0.9905                      0.0029          1  
  2453988.83562          0.9906                      0.0029          1  
  2453988.83578          0.9891                      0.0029          1  
  2453988.83594          0.9896                      0.0029          1  
  2453988.83611          0.9948                      0.0029          1  
  2453988.83627          0.9980                      0.0029          1  
  2453988.83644          0.9980                      0.0029          1  
  2453988.83660          0.9989                      0.0029          1  
  2453988.83677          0.9962                      0.0029          1  
  2453988.83693          0.9938                      0.0029          1  
  2453988.83709          0.9945                      0.0029          1  
  2453988.83725          0.9946                      0.0029          1  
  2453988.83743          0.9924                      0.0029          1  
  2453988.83759          0.9983                      0.0029          1  
  2453988.83775          1.0030                      0.0029          1  
  2453988.83791          0.9954                      0.0029          1  
  2453988.83807          0.9945                      0.0029          1  
  2453988.83824          1.0019                      0.0029          1  
  2453988.83840          0.9985                      0.0029          1  
  2453988.83857          1.0017                      0.0029          1  
  2453988.83873          1.0012                      0.0029          1  
  2453988.83890          1.0002                      0.0029          1  
  2453988.83906          0.9989                      0.0029          1  
  2453988.83922          0.9968                      0.0029          1  
  2453988.83938          1.0028                      0.0029          1  
  2453988.83955          1.0006                      0.0030          1  
  2453988.83972          0.9975                      0.0030          1  
  2453988.83988          0.9992                      0.0030          1  
  2453988.84004          1.0003                      0.0030          1  
  2453988.84020          1.0011                      0.0030          1  
  2453988.84037          0.9967                      0.0030          1  
  2453988.84054          0.9951                      0.0030          1  
  2453988.84070          1.0017                      0.0030          1  
  2453988.84086          0.9976                      0.0030          1  
  2453988.84102          1.0058                      0.0030          1  
  2453988.84119          0.9997                      0.0030          1  
  2453988.84136          0.9957                      0.0030          1  
  2453988.84152          0.9978                      0.0030          1  
  2453988.84168          1.0011                      0.0030          1  
  2453988.84185          1.0009                      0.0030          1  
  2453988.84201          0.9978                      0.0030          1  
  2453988.84217          1.0009                      0.0030          1  
  2453988.84234          1.0019                      0.0030          1  
  2453988.84251          0.9972                      0.0030          1  
  2453988.84267          1.0025                      0.0031          1  
  2453988.84283          0.9974                      0.0031          1  
  2453988.84299          0.9992                      0.0031          1  
  2453988.84315          1.0046                      0.0031          1  
  2453988.84333          0.9967                      0.0031          1  
  2453988.84349          1.0039                      0.0031          1  
  2453988.84365          0.9998                      0.0031          1  
  2453988.84381          0.9950                      0.0031          1  
  2453988.84398          1.0022                      0.0031          1  
  2453988.84414          0.9977                      0.0031          1  
  2453988.84431          1.0018                      0.0031          1  
  2453988.84447          1.0037                      0.0031          1  
  2453988.84463          1.0017                      0.0031          1  
  2453988.84480          0.9992                      0.0031          1  
  2453988.84496          0.9971                      0.0031          1  
  2453988.84512          0.9989                      0.0031          1  
  2453988.84529          0.9958                      0.0031          1  
  2453988.84546          1.0023                      0.0031          1  
  2453988.84562          1.0050                      0.0032          1  
  2453988.84578          1.0015                      0.0032          1  
  2453988.84594          0.9984                      0.0032          1  
  2453988.84611          1.0004                      0.0032          1  
  2453988.84628          1.0012                      0.0032          1  
  2453988.84644          0.9998                      0.0032          1  
  2453988.84660          1.0018                      0.0032          1  
  2453988.84676          0.9993                      0.0032          1  
  2453988.84693          1.0033                      0.0032          1  
  2453988.84709          1.0041                      0.0032          1  
  2453988.84725          1.0019                      0.0032          1  
  2453988.84742          0.9987                      0.0032          1  
  2453988.84759          1.0006                      0.0032          1  
  2453988.84775          0.9983                      0.0032          1  
  2453988.84791          1.0021                      0.0032          1  
  2453988.84807          1.0017                      0.0032          1  
  2453988.84823          0.9964                      0.0033          1  
  2453988.84841          0.9978                      0.0033          1  
  2453988.84857          0.9995                      0.0033          1  
  2453988.84873          1.0005                      0.0033          1  
  2453988.84889          0.9937                      0.0033          1  
  2453988.84906          1.0014                      0.0033          1  
  2453988.84922          1.0043                      0.0033          1  
  2453988.84939          0.9974                      0.0033          1  
  2453988.84955          0.9990                      0.0033          1  
  2453988.84972          0.9975                      0.0033          1  
  2453988.84988          0.9947                      0.0033          1  
  2453988.85004          1.0012                      0.0033          1  
  2453988.85020          1.0034                      0.0033          1  
  2453988.85038          0.9973                      0.0033          1  
  2453988.85054          1.0005                      0.0033          1  
  2453988.85070          1.0006                      0.0034          1  
  2453988.85086          1.0000                      0.0034          1  
  2453988.85102          1.0036                      0.0034          1  
  2453988.85119          1.0075                      0.0034          1  
  2453988.85136          1.0023                      0.0034          1  
  2453988.85152          1.0008                      0.0034          1  
  2453988.85168          0.9990                      0.0034          1  
  2453988.85185          1.0011                      0.0034          1  
  2453988.85201          0.9974                      0.0034          1  
  2453988.85217          1.0016                      0.0034          1  
  2453988.85234          0.9998                      0.0034          1  
  2453988.85250          1.0007                      0.0034          1  
  2453988.85267          0.9997                      0.0034          1  
  2453988.85283          1.0018                      0.0034          1  
  2453988.85299          1.0004                      0.0034          1  
  2453988.85315          0.9983                      0.0034          1  
  2453988.85333          1.0019                      0.0034          1  
  2453988.85349          1.0018                      0.0035          1  
  2453988.85365          1.0020                      0.0035          1  
  2453988.85381          1.0013                      0.0035          1  
  2453988.85397          1.0039                      0.0035          1  
  2453988.85414          1.0005                      0.0035          1  
  2453988.85431          0.9979                      0.0035          1  
  2453988.85447          1.0031                      0.0035          1  
  2453988.85464          1.0016                      0.0035          1  
  2453988.85480          1.0000                      0.0035          1  
  2453988.85496          1.0033                      0.0035          1  
  2453988.85512          0.9998                      0.0035          1  
  2453988.85530          1.0026                      0.0035          1  
  2453988.85546          0.9982                      0.0035          1  
  2453988.85562          1.0004                      0.0036          1  
  2453988.85578          0.9985                      0.0036          1  
  2453988.85594          1.0003                      0.0036          1  
  2453988.85610          0.9981                      0.0036          1  
  2453988.85628          1.0042                      0.0036          1  
  2453988.85644          1.0013                      0.0036          1  
  2453988.85681          0.9994                      0.0036          1  
  2453988.85697          0.9933                      0.0036          1  
  2453988.85714          1.0040                      0.0036          1  
  2453988.85730          1.0021                      0.0036          1  
  2453988.85747          1.0000                      0.0036          1  
  2453988.85763          1.0008                      0.0036          1  
  2453988.85780          1.0024                      0.0037          1  
  2453988.85796          1.0015                      0.0037          1  
  2453988.85812          0.9981                      0.0037          1  
  2453988.85828          0.9988                      0.0037          1  
  2453988.85845          1.0052                      0.0037          1  
  2453988.85862          0.9949                      0.0037          1  
  2453988.85878          1.0014                      0.0037          1  
  2453988.85894          0.9992                      0.0037          1  
  2453988.85910          1.0038                      0.0037          1  
  2453988.85926          1.0015                      0.0037          1  
  2453988.85944          1.0040                      0.0037          1  
  2453988.85960          1.0020                      0.0037          1  
  2453988.85976          0.9965                      0.0038          1  
  2453988.85992          1.0027                      0.0038          1  
  2453988.86009          0.9965                      0.0038          1  
  2453988.86025          0.9994                      0.0038          1  
  2453988.86042          1.0032                      0.0038          1  
  2453988.86058          1.0048                      0.0038          1  
  2453988.86075          1.0024                      0.0038          1  
